684206820568913977247831143321345972981675861223241672511715
377717064100214575610627379024516367048953192887369481660644
1061923884669128552858458522345862340030629054110611154172359
306489756468699401637203764296829605932722668335872190851071
258436591502632493307823969819246573496348224011922593698133063746290050027734280048779741654674362380539777464744444460
1
306489756468699401637203764296829605932722668335872190851071

209254614061933954256057024948583393185297691182484895398233
109254614061933954256057024948583393185297695941013468219037
318509228123867908512114049897166786370595387123498363617270
99999999999999999999999999999999999999999995241471427179196
22862032100015531960919852030141400331719662067383470776767987317031264024379854233801628519328864632781420435386761621
1
99999999999999999999999999999999999999999995241471427179196

589139772478311433213459729816758612232416725117155428849047
589139772478311433213459729816758612232416721600905684206820
1178279544956622866426919459633517224464833446718061113055867
3516249744642227
347085671515796561645523612253567488737743133534853402152034813832047283232391815007676146224680997910467006077707900540
1
3516249744642227

282056891397724783114332134597298167586122324167251171554287
282056891397724783114332134597298167586122324167251171554282
564113782795449566228664269194596335172244648334502343108569
5
79556089984947912755940641955157452157023524181169033936756592640728818750427118739419612447235800980636704691530306934
1
5

684206820568913977247831143321345972981675861223241672511715
57717064100214575610627379024516367048953192887369481660644
741923884669128552858458522345862340030629054110611154172359
626489756468699401637203764296829605932722668335872190851071
39490408920580020588518003956415862142211948420485258494384263746290050027734280048779741654674362380539777464744444460
11
49319115466553645530929974051665935443190739462177374244631

209254614061933954256057024948583393185297691182484895398233
23668390269873761474212000236219781455570385941013468219037
232923004331807715730269025184803174640868077123498363617270
185586223792060192781845024712363611729727305241471427179196
4952719871389666786303169790374771568731078275945183407741441550689322940877469016561663785381918789551420435386761621
8
19907491902943862462361023058825141540734603654377149645937

6842068205689139772478311433213459729816758612232416725117155428849047
331928873694816606443983160090
6842068205689139772478311433213459729817090541106111541723599412009137
6842068205689139772478311433212-2435971-21865716426683358721908510711445688957
2271079993257510964753403382255731407563957266765596152873088151886904052436683865646581038644934230
20613055229355858685950687799872321064398
215438174768327234658995373227

6009056842068205689130000000000000000000000000000000000000028849047
66166700
6009056842068205689130000000000000000000000000000000000000095015747
-808464930-842282795-825636650-926431524-842021162-943076901-839529252-842545442-892942375-942944813-825309485-926495270-942748456-858994730-942946603-842020647-808847867-959853350-808597790-909652518-943011108-825309223-842544169-875968295-875704873-926299184-892942635-940193581-825768233-909192495-892613416-842215465-758330158-942748196-842544939-925970731-825046574-959656240-943076647-842544679-842283053-892340842-1970042203-1862928920-1869767937-1952670057-19526096429-41039-23-32615-326159-246962682347
397599461352074345370957971000000000000000000000000000000001908846238134900
90816934229275537228394343378164545005266999865491251641687
17626147

28205689139772478311433213459729816758612232416725117155428849047
6
28205689139772478311433213459729816758612232416725117155428849053
-892746021-959262760-926365994-942684196-808792869-892877094-959264549-943141926-942684195-926168612-842019362-942486304-909521961-842283298-808662823-960051237-942487076-876098603-842283299-808923691-959723045-959264044-876163111-892483618-858863658-876163624-959264042-858928171-842610715-842282021-170930222-875770150-858917410-892352810-943206949-892678439-825308452-926298403-842215971-825636907-926298413-959592238-892613413-842216233-825307947-926167597-926495522-959985189-8085975424-81981714-2186931-15849041
169234134838634869868599280758378900551673394500350702932573094282
4700948189962079718572202243288302793102038736120852859238141507
5

28205689139772478311433213459729816758612232416725117155428849043
6
28205689139772478311433213459729816758612232416725117155428849049
-842610725-942487848-842217511-842283044-858797610-959460904-942487078-808925218-842283299-926102053-892350500-959263522-942814758-942684194-943272486-942813732-942485797-959525417-959461667-875574060-942944807-959263274-859386148-842283042-842085934-909194790-959264044-825505832-842283291-909261089-875639593-959265058-889850408-875575594-943206949-892678439-825308452-926298403-842215971-825636907-926298413-959592238-892613413-842216233-825307947-926167597-926495522-959985189-8085975424-81981714-2186931-15849037
169234134838634869868599280758378900551673394500350702932573094258
4700948189962079718572202243288302793102038736120852859238141507
1

28205689139772478311433213459729816758612232416725117155428849042
6
28205689139772478311433213459729816758612232416725117155428849048
-926233900-942487333-909194793-959789348-925971495-842348838-959264552-926234658-842283299-842217255-825766434-959264296-875706146-859060514-876163367-943075876-959264804-926167340-842283299-842151209-909261096-959262756-892351783-842610722-859123752-808531494-959265068-842217508-842283035-942748197-842610725-942487589-805964327-875575594-943206949-892678439-825308452-926298403-842215971-825636907-926298413-959592238-892613413-842216233-825307947-926167597-926495522-959985189-8085975424-81981714-2186931-15849036
169234134838634869868599280758378900551673394500350702932573094252
4700948189962079718572202243288302793102038736120852859238141507
0

28205689139772478311433213459729816758612232416725117155428849047
1
28205689139772478311433213459729816758612232416725117155428849048
-892416553-942487848-842217511-842283044-808727337-909194787-959263775-942945824-959789347-909588521-925905698-959264550-858994209-909588514-875640099-909130021-942487075-825634859-892811299-909718058-909261096-959263783-875968043-892483618-892678701-825373224-942487852-842217508-842283035-943011364-858928679-959263267-889850407-875575594-943206949-892678439-825308452-926298403-842215971-825636907-926298413-959592238-892613413-842216233-825307947-926167597-926495522-959985189-8085975424-81981714-2186931-15849046
28205689139772478311433213459729816758612232416725117155428849047
28205689139772478311433213459729816758612232416725117155428849047
0

209254614061933954256057024948583393185297691182484895398233
913668390269873761474212000236219781455570385941013468219037
1122923004331807715730269025184803174640868077123498363617270
-704413776207939807218154975287636388270272694758528572820804
191189326386510886074193921994613991503646023428356740312168811550689322940877469016561663785381918789551420435386761621
0
209254614061933954245-2635701-2187083-155833920-155297680-228248478-18398233

282056891397724783114332134597298167586122324167251171554288
4002145756106273790245163670489531928873694816606443983160090
4284202647503998573359495805086830096459817140773695154714378
-3720088864708549007130831535892233761287572492439192811605802
1128832790887932403710649528113419201310131391802720168245049147969219076180149652172199208306239369685741955503229965920
0
28205689139772467-6811433213459729816758612232416725106-134554288

6
589139772478311433213459729816758612232416725117155428849047
589139772478311433213459729816758612232416725117155428849053
--859190564-942486822-808925218-842283299-825372708-858863902-959265065-808465446-892811298-875640107-943012128-959265055-842283309-943000102-842609964-960049701-858797353-892940584-926234667-959853359-858928676-859320357-960049444-925970979-909718561-808988971-925907231-842598951-942814208-859123754-876099618-875902243-925970724-842479138-875705128-842085933-892810790-943272491-959788072-825373478-875639081-943141923-926365987-8258335054-81981714-2186931-15849041
3534838634869868599280758378900551673394500350702932573094282
0
6

0
589139772478311433213459729816758612232416725117155428849047
589139772478311433213459729816758612232416725117155428849047
--959592746-758330658-926496550-892874023-808925480-808465959-758396457-959460898-876096807-808529955-808662057-758722594-859320870-876096811-892351788-842609964-758657573-842084391-876162348-808529962-909457196-758659365-825309220-959982884-875836710-876097581-758461982-892744232-892930560-926167082-876099618-875902243-925970724-842479138-875705128-842085933-892810790-943272491-959788072-825373478-875639081-943141923-926365987-8258335054-81981714-2186931-15849047
0
0
0

686122324167251171554288490471
33694816606443983160090568420682056891397724783114332134597298167
33694816606443983160090568420682057577520048950365503688885788638
-33694816606443983160090567-2432067-21873956205275400615863160580308807696
23118765882402636654352856218191828890867862671821890629177559754173656868958167151461525266657
0
68612232416725117155417-127490471

913668390269873761474212000236219781455570385941013468219037
913668390269873761474212000236219781455570385941013468219037
1827336780539747522948424000472439562911140771882026936438074
0
834789927378342350371606456681252968072365764964870999923270736787348166360173684995946722240764248208110558028609207369
1
0

5
3
8
2
15
1
2

4
7
11
-3
28
0
4

0
0
0
0
0
DivideByZero!
DivideByZero!

33694816606443983160090568420682056891397724783114332134597298167
0
33694816606443983160090568420682056891397724783114332134597298167
336948166064439831600905684206820568913976-1343574782-218733-203213458-16298167
0
DivideByZero!
DivideByZero!

